NODES_X
0 0.5 1 1.5 2 2.5 3 3.5 4 4.5 5 5.5 6 6.5 7 7.5 8 8.5 9 9.5 10 0 0.5 1 1.5 2 2.5 3 3.5 4 4.5 5 5.5 6 6.5 7 7.5 8 8.5 9 9.5 10 0 0.5 1 1.5 2 2.5 3 3.5 4 4.5 5 5.5 6 6.5 7 7.5 8 8.5 9 9.5 10 0 0.5 1 1.5 2 2.5 3 3.5 4 4.5 5 5.5 6 6.5 7 7.5 8 8.5 9 9.5 10 0 0.5 1 1.5 2 2.5 3 3.5 4 4.5 5 5.5 6 6.5 7 7.5 8 8.5 9 9.5 10 0 0.5 1 1.5 2 2.5 3 3.5 4 4.5 5 5.5 6 6.5 7 7.5 8 8.5 9 9.5 10 0 0.5 1 1.5 2 2.5 3 3.5 4 4.5 5 5.5 6 6.5 7 7.5 8 8.5 9 9.5 10 0 0.5 1 1.5 2 2.5 3 3.5 4 4.5 5 5.5 6 6.5 7 7.5 8 8.5 9 9.5 10 0 0.5 1 1.5 2 2.5 3 3.5 4 4.5 5 5.5 6 6.5 7 7.5 8 8.5 9 9.5 10 0 0.5 1 1.5 2 2.5 3 3.5 4 4.5 5 5.5 6 6.5 7 7.5 8 8.5 9 9.5 10 0 0.5 1 1.5 2 2.5 3 3.5 4 4.5 5 5.5 6 6.5 7 7.5 8 8.5 9 9.5 10 0 0.5 1 1.5 2 2.5 3 3.5 4 4.5 5 5.5 6 6.5 7 7.5 8 8.5 9 9.5 10 0 0.5 1 1.5 2 2.5 3 3.5 4 4.5 5 5.5 6 6.5 7 7.5 8 8.5 9 9.5 10 0 0.5 1 1.5 2 2.5 3 3.5 4 4.5 5 5.5 6 6.5 7 7.5 8 8.5 9 9.5 10 0 0.5 1 1.5 2 2.5 3 3.5 4 4.5 5 5.5 6 6.5 7 7.5 8 8.5 9 9.5 10 0 0.5 1 1.5 2 2.5 3 3.5 4 4.5 5 5.5 6 6.5 7 7.5 8 8.5 9 9.5 10 
/


NODES_Y
0 0 0 0 0 0 0 0 0 0 0 0 0 0 0 0 0 0 0 0 0 0.333333 0.333333 0.333333 0.333333 0.333333 0.333333 0.333333 0.333333 0.333333 0.333333 0.333333 0.333333 0.333333 0.333333 0.333333 0.333333 0.333333 0.333333 0.333333 0.333333 0.333333 0.666667 0.666667 0.666667 0.666667 0.666667 0.666667 0.666667 0.666667 0.666667 0.666667 0.666667 0.666667 0.666667 0.666667 0.666667 0.666667 0.666667 0.666667 0.666667 0.666667 0.666667 1 1 1 1 1 1 1 1 1 1 1 1 1 1 1 1 1 1 1 1 1 1.33333 1.33333 1.33333 1.33333 1.33333 1.33333 1.33333 1.33333 1.33333 1.33333 1.33333 1.33333 1.33333 1.33333 1.33333 1.33333 1.33333 1.33333 1.33333 1.33333 1.33333 1.66667 1.66667 1.66667 1.66667 1.66667 1.66667 1.66667 1.66667 1.66667 1.66667 1.66667 1.66667 1.66667 1.66667 1.66667 1.66667 1.66667 1.66667 1.66667 1.66667 1.66667 2 2 2 2 2 2 2 2 2 2 2 2 2 2 2 2 2 2 2 2 2 2.33333 2.33333 2.33333 2.33333 2.33333 2.33333 2.33333 2.33333 2.33333 2.33333 2.33333 2.33333 2.33333 2.33333 2.33333 2.33333 2.33333 2.33333 2.33333 2.33333 2.33333 2.66667 2.66667 2.66667 2.66667 2.66667 2.66667 2.66667 2.66667 2.66667 2.66667 2.66667 2.66667 2.66667 2.66667 2.66667 2.66667 2.66667 2.66667 2.66667 2.66667 2.66667 3 3 3 3 3 3 3 3 3 3 3 3 3 3 3 3 3 3 3 3 3 3.33333 3.33333 3.33333 3.33333 3.33333 3.33333 3.33333 3.33333 3.33333 3.33333 3.33333 3.33333 3.33333 3.33333 3.33333 3.33333 3.33333 3.33333 3.33333 3.33333 3.33333 3.66667 3.66667 3.66667 3.66667 3.66667 3.66667 3.66667 3.66667 3.66667 3.66667 3.66667 3.66667 3.66667 3.66667 3.66667 3.66667 3.66667 3.66667 3.66667 3.66667 3.66667 4 4 4 4 4 4 4 4 4 4 4 4 4 4 4 4 4 4 4 4 4 4.33333 4.33333 4.33333 4.33333 4.33333 4.33333 4.33333 4.33333 4.33333 4.33333 4.33333 4.33333 4.33333 4.33333 4.33333 4.33333 4.33333 4.33333 4.33333 4.33333 4.33333 4.66667 4.66667 4.66667 4.66667 4.66667 4.66667 4.66667 4.66667 4.66667 4.66667 4.66667 4.66667 4.66667 4.66667 4.66667 4.66667 4.66667 4.66667 4.66667 4.66667 4.66667 5 5 5 5 5 5 5 5 5 5 5 5 5 5 5 5 5 5 5 5 5 
/



